1.000000000000000000e+00 6.700000000000000226e-04
9.948700000000000321e-01 1.167000000000000069e-03
9.849630000000000329e-01 2.106999999999999932e-03
9.732880000000000420e-01 3.174000000000000172e-03
9.609100000000000419e-01 4.277999999999999685e-03
9.483319999999999528e-01 5.402999999999999817e-03
9.357079999999999842e-01 6.542000000000000072e-03
9.230679999999999996e-01 7.688000000000000389e-03
9.104229999999999823e-01 8.838000000000000370e-03
8.977819999999999689e-01 9.988999999999999616e-03
8.851480000000000459e-01 1.113899999999999960e-02
8.725220000000000198e-01 1.228300000000000052e-02
8.599010000000000264e-01 1.341999999999999964e-02
8.472830000000000084e-01 1.455200000000000070e-02
8.346689999999999943e-01 1.567400000000000043e-02
8.220560000000000089e-01 1.678599999999999884e-02
8.094430000000000236e-01 1.788899999999999865e-02
7.968309999999999560e-01 1.898000000000000034e-02
7.842170000000000529e-01 2.006099999999999897e-02
7.716009999999999813e-01 2.113200000000000148e-02
7.589850000000000207e-01 2.219199999999999992e-02
7.463659999999999739e-01 2.324199999999999877e-02
7.337430000000000341e-01 2.428100000000000050e-02
7.211199999999999832e-01 2.531100000000000017e-02
7.084960000000000147e-01 2.633200000000000124e-02
6.958720000000000461e-01 2.734200000000000172e-02
6.832489999999999952e-01 2.834199999999999914e-02
6.706290000000000306e-01 2.932999999999999843e-02
6.580099999999999838e-01 3.030599999999999961e-02
6.453929999999999945e-01 3.126700000000000312e-02
6.327789999999999804e-01 3.221600000000000158e-02
6.201670000000000238e-01 3.314700000000000285e-02
6.075570000000000137e-01 3.406399999999999706e-02
5.949499999999999789e-01 3.496300000000000102e-02
5.823460000000000303e-01 3.584400000000000086e-02
5.697449999999999459e-01 3.670500000000000151e-02
5.571469999999999478e-01 3.754500000000000198e-02
5.445510000000000073e-01 3.836400000000000227e-02
5.319589999999999597e-01 3.915799999999999836e-02
5.193699999999999983e-01 3.992899999999999922e-02
5.067829999999999835e-01 4.067300000000000082e-02
4.941999999999999726e-01 4.139099999999999724e-02
4.816199999999999926e-01 4.208200000000000135e-02
4.690420000000000145e-01 4.274100000000000121e-02
4.564670000000000116e-01 4.336999999999999883e-02
4.438949999999999840e-01 4.396699999999999914e-02
4.313250000000000139e-01 4.453200000000000214e-02
4.187580000000000191e-01 4.506199999999999789e-02
4.061949999999999728e-01 4.555800000000000127e-02
3.936359999999999859e-01 4.601600000000000135e-02
3.810819999999999763e-01 4.643599999999999811e-02
3.685329999999999995e-01 4.681600000000000344e-02
3.559899999999999731e-01 4.715500000000000247e-02
3.434559999999999835e-01 4.744899999999999812e-02
3.309289999999999732e-01 4.769899999999999834e-02
3.184130000000000016e-01 4.789899999999999713e-02
3.059080000000000132e-01 4.804800000000000043e-02
2.934160000000000101e-01 4.814299999999999830e-02
2.809380000000000210e-01 4.818000000000000060e-02
2.684770000000000212e-01 4.815599999999999742e-02
2.560359999999999858e-01 4.806699999999999862e-02
2.436149999999999982e-01 4.790599999999999720e-02
2.312190000000000079e-01 4.767199999999999910e-02
2.188519999999999910e-01 4.735700000000000326e-02
2.065160000000000051e-01 4.695599999999999774e-02
1.942190000000000027e-01 4.646000000000000130e-02
1.819649999999999879e-01 4.586400000000000199e-02
1.697619999999999962e-01 4.515899999999999775e-02
1.576180000000000081e-01 4.433499999999999941e-02
1.455440000000000067e-01 4.338100000000000289e-02
1.335520000000000040e-01 4.228599999999999720e-02
1.216590000000000032e-01 4.103400000000000103e-02
1.098829999999999946e-01 3.961400000000000338e-02
9.825200000000000600e-02 3.800499999999999712e-02
8.679599999999999815e-02 3.619100000000000095e-02
7.556100000000000316e-02 3.415100000000000080e-02
6.460200000000000664e-02 3.186400000000000343e-02
5.400300000000000239e-02 2.931699999999999931e-02
4.389900000000000052e-02 2.650599999999999831e-02
3.451599999999999807e-02 2.346600000000000075e-02
2.618699999999999847e-02 2.029699999999999907e-02
1.924999999999999975e-02 1.717799999999999883e-02
1.383900000000000061e-02 1.430000000000000021e-02
9.797999999999999418e-03 1.176299999999999915e-02
6.814999999999999877e-03 9.556000000000000258e-03
4.603999999999999586e-03 7.624999999999999833e-03
2.958000000000000126e-03 5.908000000000000057e-03
1.739000000000000094e-03 4.355000000000000364e-03
8.610000000000000032e-04 2.932000000000000144e-03
2.849999999999999886e-04 1.613000000000000067e-03
0.000000000000000000e+00 3.820000000000000153e-04
8.500000000000000611e-05 -8.050000000000000515e-04
5.540000000000000219e-04 -1.984999999999999785e-03
1.456000000000000046e-03 -3.122999999999999908e-03
2.756000000000000203e-03 -4.214999999999999997e-03
4.454999999999999759e-03 -5.308000000000000218e-03
6.633000000000000007e-03 -6.445000000000000208e-03
9.447000000000000536e-03 -7.655000000000000346e-03
1.315200000000000050e-02 -8.963999999999999746e-03
1.811199999999999963e-02 -1.039299999999999946e-02
2.468899999999999914e-02 -1.190599999999999992e-02
3.299400000000000249e-02 -1.339199999999999939e-02
4.272900000000000309e-02 -1.471100000000000012e-02
5.341300000000000214e-02 -1.578799999999999995e-02
6.467399999999999538e-02 -1.662699999999999942e-02
7.629900000000000571e-02 -1.725700000000000151e-02
8.817800000000000638e-02 -1.770899999999999905e-02
1.002379999999999938e-01 -1.801699999999999829e-02
1.124300000000000022e-01 -1.820199999999999943e-02
1.247169999999999945e-01 -1.828400000000000164e-02
1.370719999999999994e-01 -1.827700000000000158e-02
1.494840000000000058e-01 -1.819799999999999890e-02
1.619430000000000036e-01 -1.805800000000000113e-02
1.744429999999999870e-01 -1.786599999999999994e-02
1.869820000000000093e-01 -1.762999999999999984e-02
1.995550000000000102e-01 -1.735599999999999990e-02
2.121599999999999875e-01 -1.704999999999999918e-02
2.247909999999999908e-01 -1.671600000000000169e-02
2.374449999999999894e-01 -1.635800000000000101e-02
2.501180000000000070e-01 -1.597700000000000162e-02
2.628070000000000128e-01 -1.558099999999999936e-02
2.755059999999999731e-01 -1.516600000000000066e-02
2.882109999999999950e-01 -1.473799999999999936e-02
3.009180000000000188e-01 -1.429899999999999921e-02
3.136209999999999831e-01 -1.385199999999999973e-02
3.263190000000000257e-01 -1.339800000000000019e-02
3.390099999999999780e-01 -1.294099999999999938e-02
3.516960000000000086e-01 -1.248100000000000077e-02
3.643790000000000084e-01 -1.202100000000000043e-02
3.770569999999999755e-01 -1.156199999999999936e-02
3.897309999999999941e-01 -1.110599999999999955e-02
4.024019999999999819e-01 -1.065200000000000001e-02
4.150690000000000213e-01 -1.020599999999999979e-02
4.277320000000000011e-01 -9.763000000000000844e-03
4.403929999999999789e-01 -9.327999999999999486e-03
4.530520000000000103e-01 -8.900999999999999190e-03
4.657140000000000168e-01 -8.484000000000000222e-03
4.783810000000000007e-01 -8.075999999999999845e-03
4.910519999999999885e-01 -7.676999999999999796e-03
5.037249999999999783e-01 -7.289999999999999605e-03
5.163990000000000524e-01 -6.917000000000000405e-03
5.290719999999999867e-01 -6.553999999999999930e-03
5.417429999999999746e-01 -6.204999999999999578e-03
5.544160000000000199e-01 -5.865999999999999687e-03
5.670870000000000077e-01 -5.539999999999999786e-03
5.797579999999999956e-01 -5.226999999999999875e-03
5.924279999999999546e-01 -4.930000000000000354e-03
6.050990000000000535e-01 -4.643000000000000425e-03
6.177709999999999591e-01 -4.370999999999999885e-03
6.304440000000000044e-01 -4.114999999999999734e-03
6.431149999999999922e-01 -3.870000000000000176e-03
6.557859999999999800e-01 -3.641000000000000139e-03
6.684590000000000254e-01 -3.428000000000000057e-03
6.811319999999999597e-01 -3.227999999999999967e-03
6.938060000000000338e-01 -3.043999999999999831e-03
7.064820000000000544e-01 -2.874999999999999951e-03
7.191600000000000215e-01 -2.720000000000000195e-03
7.318379999999999885e-01 -2.579000000000000129e-03
7.445169999999999844e-01 -2.448999999999999788e-03
7.571980000000000377e-01 -2.333000000000000004e-03
7.698810000000000375e-01 -2.224999999999999981e-03
7.825659999999999838e-01 -2.126999999999999984e-03
7.952540000000000164e-01 -2.034999999999999917e-03
8.079439999999999955e-01 -1.951000000000000043e-03
8.206379999999999786e-01 -1.871999999999999966e-03
8.333359999999999657e-01 -1.791999999999999973e-03
8.460400000000000142e-01 -1.721000000000000090e-03
8.587500000000000133e-01 -1.652000000000000040e-03
8.714659999999999629e-01 -1.585000000000000037e-03
8.841860000000000275e-01 -1.518999999999999951e-03
8.969009999999999483e-01 -1.451000000000000033e-03
9.096119999999999761e-01 -1.376999999999999969e-03
9.223230000000000040e-01 -1.294000000000000011e-03
9.350330000000000030e-01 -1.201999999999999943e-03
9.477379999999999693e-01 -1.103999999999999947e-03
9.604070000000000107e-01 -1.010000000000000047e-03
9.729130000000000278e-01 -9.070000000000000371e-04
9.847780000000000422e-01 -8.050000000000000515e-04
9.948289999999999633e-01 -7.129999999999999836e-04
1.000000000000000000e+00 -6.700000000000000226e-04
