1.000000000000000000e+00 2.175999999999999983e-03
9.948460000000000081e-01 2.554999999999999979e-03
9.849449999999999594e-01 3.282999999999999894e-03
9.732790000000000052e-01 4.131000000000000123e-03
9.609140000000000459e-01 5.022000000000000422e-03
9.483500000000000263e-01 5.918999999999999782e-03
9.357389999999999874e-01 6.810000000000000081e-03
9.231110000000000149e-01 7.690999999999999920e-03
9.104780000000000095e-01 8.564000000000000432e-03
8.978500000000000369e-01 9.428000000000000616e-03
8.852290000000000436e-01 1.028199999999999947e-02
8.726169999999999760e-01 1.112499999999999947e-02
8.600090000000000234e-01 1.196000000000000014e-02
8.474059999999999926e-01 1.278299999999999922e-02
8.348069999999999657e-01 1.359800000000000071e-02
8.222099999999999964e-01 1.440199999999999987e-02
8.096139999999999448e-01 1.519900000000000070e-02
7.970209999999999795e-01 1.598499999999999921e-02
7.844259999999999566e-01 1.676400000000000112e-02
7.718300000000000161e-01 1.753599999999999950e-02
7.592360000000000220e-01 1.829700000000000076e-02
7.466390000000000526e-01 1.905300000000000049e-02
7.340379999999999683e-01 1.979699999999999863e-02
7.214399999999999702e-01 2.053100000000000064e-02
7.088389999999999969e-01 2.125600000000000059e-02
6.962399999999999700e-01 2.197100000000000095e-02
6.836410000000000542e-01 2.267399999999999971e-02
6.710479999999999778e-01 2.336699999999999888e-02
6.584550000000000125e-01 2.404799999999999993e-02
6.458650000000000224e-01 2.472099999999999992e-02
6.332799999999999541e-01 2.537800000000000125e-02
6.206990000000000007e-01 2.602900000000000005e-02
6.081229999999999691e-01 2.666999999999999926e-02
5.955519999999999703e-01 2.729900000000000035e-02
5.829879999999999507e-01 2.791899999999999937e-02
5.704360000000000541e-01 2.852299999999999974e-02
5.578889999999999683e-01 2.911499999999999852e-02
5.453489999999999727e-01 2.969700000000000117e-02
5.328180000000000138e-01 3.026500000000000024e-02
5.202959999999999807e-01 3.082000000000000017e-02
5.077810000000000379e-01 3.136499999999999705e-02
4.952759999999999940e-01 3.189399999999999874e-02
4.827799999999999869e-01 3.241399999999999837e-02
4.702919999999999878e-01 3.291999999999999788e-02
4.578119999999999967e-01 3.341500000000000026e-02
4.453400000000000136e-01 3.389799999999999758e-02
4.328739999999999810e-01 3.436899999999999678e-02
4.204160000000000119e-01 3.482899999999999885e-02
4.079639999999999933e-01 3.527500000000000080e-02
3.955190000000000095e-01 3.570799999999999669e-02
3.830830000000000068e-01 3.612599999999999839e-02
3.706510000000000082e-01 3.652999999999999997e-02
3.582279999999999909e-01 3.691599999999999743e-02
3.458140000000000103e-01 3.728399999999999770e-02
3.334030000000000049e-01 3.762900000000000272e-02
3.209949999999999748e-01 3.794999999999999762e-02
3.085919999999999774e-01 3.824400000000000022e-02
2.961909999999999821e-01 3.850599999999999856e-02
2.837930000000000175e-01 3.873299999999999660e-02
2.713979999999999726e-01 3.892000000000000320e-02
2.590040000000000120e-01 3.906099999999999850e-02
2.466119999999999979e-01 3.915300000000000030e-02
2.342210000000000125e-01 3.918800000000000061e-02
2.218330000000000024e-01 3.916200000000000236e-02
2.094459999999999933e-01 3.906400000000000150e-02
1.970669999999999922e-01 3.888899999999999996e-02
1.846929999999999961e-01 3.862800000000000261e-02
1.723300000000000110e-01 3.827099999999999946e-02
1.599859999999999893e-01 3.780900000000000233e-02
1.476850000000000107e-01 3.723100000000000021e-02
1.354539999999999911e-01 3.652600000000000291e-02
1.233599999999999974e-01 3.568400000000000044e-02
1.113940000000000069e-01 3.468999999999999861e-02
9.959600000000000397e-02 3.352800000000000225e-02
8.801100000000000589e-02 3.218100000000000127e-02
7.668500000000000316e-02 3.063499999999999904e-02
6.566299999999999915e-02 2.886400000000000077e-02
5.501500000000000140e-02 2.684900000000000134e-02
4.486500000000000210e-02 2.457900000000000015e-02
3.542599999999999916e-02 2.207599999999999840e-02
2.702999999999999847e-02 1.942699999999999982e-02
1.997000000000000164e-02 1.677100000000000118e-02
1.437699999999999916e-02 1.426799999999999943e-02
1.015899999999999963e-02 1.202899999999999976e-02
7.008999999999999606e-03 1.005099999999999917e-02
4.649999999999999620e-03 8.292000000000000759e-03
2.879000000000000049e-03 6.695999999999999695e-03
1.577999999999999976e-03 5.206999999999999823e-03
6.980000000000000527e-04 3.785000000000000170e-03
1.979999999999999881e-04 2.433999999999999966e-03
0.000000000000000000e+00 1.190000000000000085e-03
0.000000000000000000e+00 0.000000000000000000e+00
2.579999999999999828e-04 -1.991999999999999847e-03
8.319999999999999488e-04 -3.347999999999999848e-03
1.858000000000000059e-03 -4.710999999999999910e-03
3.425999999999999792e-03 -5.982000000000000338e-03
5.568000000000000033e-03 -7.172999999999999689e-03
8.408999999999999808e-03 -8.302999999999999617e-03
1.218499999999999965e-02 -9.379000000000000184e-03
1.724300000000000138e-02 -1.040400000000000005e-02
2.392899999999999888e-02 -1.132599999999999926e-02
3.233799999999999869e-02 -1.205600000000000074e-02
4.215499999999999803e-02 -1.253199999999999974e-02
5.289800000000000058e-02 -1.274199999999999985e-02
6.419800000000000506e-02 -1.272000000000000040e-02
7.584599999999999675e-02 -1.253300000000000074e-02
8.773599999999999455e-02 -1.222299999999999949e-02
9.980300000000000282e-02 -1.183700000000000030e-02
1.119969999999999993e-01 -1.139800000000000015e-02
1.242850000000000066e-01 -1.092500000000000068e-02
1.366340000000000054e-01 -1.042900000000000077e-02
1.490400000000000058e-01 -9.917999999999999733e-03
1.614929999999999977e-01 -9.400000000000000369e-03
1.739850000000000008e-01 -8.878000000000000475e-03
1.865169999999999884e-01 -8.359000000000000111e-03
1.990869999999999862e-01 -7.844999999999999543e-03
2.116860000000000130e-01 -7.340000000000000170e-03
2.243149999999999866e-01 -6.845999999999999655e-03
2.369680000000000120e-01 -6.363999999999999865e-03
2.496410000000000018e-01 -5.897999999999999597e-03
2.623289999999999789e-01 -5.451000000000000116e-03
2.750299999999999967e-01 -5.022000000000000422e-03
2.877379999999999938e-01 -4.615000000000000178e-03
3.004499999999999948e-01 -4.231000000000000386e-03
3.131579999999999919e-01 -3.870000000000000176e-03
3.258639999999999870e-01 -3.533999999999999815e-03
3.385650000000000048e-01 -3.223999999999999869e-03
3.512609999999999899e-01 -2.939000000000000206e-03
3.639549999999999730e-01 -2.680000000000000090e-03
3.766459999999999808e-01 -2.446999999999999956e-03
3.893329999999999846e-01 -2.239000000000000105e-03
4.020179999999999865e-01 -2.056999999999999801e-03
4.147020000000000151e-01 -1.899000000000000080e-03
4.273810000000000109e-01 -1.765999999999999992e-03
4.400569999999999760e-01 -1.655999999999999920e-03
4.527300000000000213e-01 -1.565999999999999901e-03
4.654090000000000171e-01 -1.495999999999999934e-03
4.780920000000000170e-01 -1.443000000000000055e-03
4.907799999999999940e-01 -1.407000000000000048e-03
5.034699999999999731e-01 -1.381000000000000066e-03
5.161569999999999769e-01 -1.368999999999999991e-03
5.288439999999999808e-01 -1.363999999999999978e-03
5.415269999999999806e-01 -1.368000000000000075e-03
5.542129999999999557e-01 -1.376000000000000053e-03
5.668940000000000090e-01 -1.386000000000000079e-03
5.795749999999999513e-01 -1.397999999999999937e-03
5.922539999999999472e-01 -1.410000000000000012e-03
6.049339999999999717e-01 -1.423999999999999919e-03
6.176139999999999963e-01 -1.433999999999999945e-03
6.302910000000000457e-01 -1.436999999999999909e-03
6.429669999999999552e-01 -1.443000000000000055e-03
6.556440000000000046e-01 -1.441999999999999922e-03
6.683230000000000004e-01 -1.438999999999999958e-03
6.810030000000000250e-01 -1.436999999999999909e-03
6.936830000000000496e-01 -1.440000000000000091e-03
7.063650000000000206e-01 -1.441999999999999922e-03
7.190480000000000205e-01 -1.443999999999999971e-03
7.317310000000000203e-01 -1.446000000000000020e-03
7.444159999999999666e-01 -1.443000000000000055e-03
7.571020000000000527e-01 -1.445000000000000104e-03
7.697899999999999743e-01 -1.443999999999999971e-03
7.824799999999999534e-01 -1.445000000000000104e-03
7.951730000000000187e-01 -1.446000000000000020e-03
8.078699999999999770e-01 -1.446000000000000020e-03
8.205689999999999928e-01 -1.446000000000000020e-03
8.332730000000000414e-01 -1.446000000000000020e-03
8.459839999999999582e-01 -1.448000000000000068e-03
8.586979999999999613e-01 -1.448000000000000068e-03
8.714220000000000299e-01 -1.451000000000000033e-03
8.841480000000000450e-01 -1.448000000000000068e-03
8.968679999999999986e-01 -1.446000000000000020e-03
9.095849999999999769e-01 -1.443000000000000055e-03
9.223019999999999552e-01 -1.445000000000000104e-03
9.350190000000000445e-01 -1.446000000000000020e-03
9.477299999999999613e-01 -1.446000000000000020e-03
9.604049999999999532e-01 -1.438999999999999958e-03
9.729170000000000318e-01 -1.436999999999999909e-03
9.847879999999999967e-01 -1.441000000000000007e-03
9.948430000000000328e-01 -1.441000000000000007e-03
1.000000000000000000e+00 -1.441000000000000007e-03
